186127 151828
185491 151395
185672 151110
186985 151305
186636 153092
186618 154286
187152 154282
189428 155681
187831 155013
186049 150176
186610 150199
186986 150884
189065 150288
189082 150378
189431 150808
189825 151106
187056 150865
187806 154470
189533 152159
188216 152660
188605 151317
186788 150941
186346 153836
186676 153415
187215 154151
186536 156084
187600 154218
185650 150195
187432 150313
185659 151165
186298 151002
188018 153384
187969 150348
185773 150647
185717 153732
185972 154752
185542 156520
185604 150514
185858 150182
186090 150455
185862 150437
185740 151215
187348 150480
186919 153222
186396 150188
186080 150250
185721 151517
186021 150277
186402 150384
185749 152629
186006 152758
185663 151757
186372 151915
186585 152841
187182 152893
187651 152957
188577 152681
187359 152683
187344 153210
187732 150177
186007 150394
185946 150663
190379 151913
187359 152229
186083 155605
186172 155225
186255 155506
186120 154245
186668 153288
186041 153714
186075 152703
188820 152381
185373 154061
185768 150845
186480 150406
185811 150356
188426 154192
186230 154118
185647 150401
185901 150888
187083 151392
186211 153087
186857 155158
187775 152068
186919 151289
188090 151353
187945 151958
188547 155080
188055 150537
187846 150625
187947 153544
185367 153549
186497 150635
185623 150557
187785 155384
188881 155392
186575 154116
187180 152837
184806 151274
184624 151293
185469 153457
185435 150750
185485 150712
185489 151173
188184 150467
185411 150325
184286 151779
184230 155927
183877 155574
188048 155299
188069 156261
188216 156552
189528 156530
185641 152606
185715 151629
188766 151641
187151 155272
187236 155071
185928 152465
186180 151682
185329 151476
185314 150472
184240 150634
184212 150580
184727 152186
187028 151245
184542 151286
184256 153010
184603 152407
185746 152606
184451 153470
184504 152539
184658 151438
185324 152259
183963 151531
183878 156152
183980 154728
183892 154665
185205 157024
184120 152366
184125 152112
184011 153199
184065 151819
185670 151955
185386 155030
184412 154011
184437 150968
186670 151042
184695 154276
184922 152674
185599 151835
185594 153244
186560 151046
186601 151183
185653 152832
185537 151208
186150 151966
186318 156071
186716 152824
190741 152230
187537 150954
185661 151710
185831 151905
186346 151835
183860 150694
183847 151876
185546 150749
185437 150519
188150 151898
185235 150523
184505 150878
184218 156045
184426 153055
188612 152760
186220 152729
185456 152714
184400 155477
184953 153573
185089 150569
184577 150802
185230 151657
185828 153569
188385 153955
188151 151611
187492 150412
187206 150448
187536 150374
187482 150331
185295 151230
185459 151230
184672 150648
187083 150742
187413 150817
183856 150428
184179 152313
182082 149357
182280 149358
182396 151121
182401 152192
182293 152481
182736 153780
183593 152892
184867 149656
186165 150530
183497 149838
181590 149841
181594 151343
182241 151847
181362 152095
181406 150705
183037 152846
181623 151197
181370 152580
182201 151625
181688 150360
180785 152326
180743 151775
183650 151958
183683 153807
186593 152411
182246 149788
181597 149417
182962 149350
185505 149424
185617 151261
182611 149709
181919 150653
181657 152428
181727 153241
184775 155015
184524 150372
182359 150951
182313 150067
184976 150458
183117 152364
184063 150120
183325 151935
183201 150008
182115 149666
181947 150602
184605 149948
184979 149604
181198 151188
181050 151427
184058 151267
181625 151390
181620 151316
184221 151133
182583 151010
183290 150472
184196 150497
184348 151454
182661 149952
182184 150436
180749 149848
180980 150090
180739 150230
183730 154125
184979 153773
180864 154086
180973 152379
182688 151581
182213 152151
182376 150662
181567 150639
181555 152231
184034 149931
184497 151275
181415 150491
180968 153048
182074 153032
184798 149830
184974 149719
182241 149594
181954 151328
184979 153421
185131 150175
181253 150055
180884 150493
181346 150247
182157 152967
182270 149948
182370 150144
181243 151417
180974 151423
186425 150129
181380 149912
181308 153112
182516 153136
182171 152407
187312 152885
186923 153502
186697 151726
186705 151904
187030 151133
189773 151187
187345 151763
184571 152028
184415 155500
185747 155554
189536 155069
189557 155454
189810 155573
190679 155373
187119 151433
187535 151263
190152 151080
188610 153801
188852 153791
187079 152031
186934 150536
186752 150530
186947 151849
185802 152726
185478 150844
185164 151246
188101 151969
184625 152237
184473 153079
186746 152938
187682 152573
184454 152392
184458 151567
185263 150150
185138 150355
184819 149984
185054 155460
185601 154349
185066 153806
185958 155855
186286 151959
186092 151213
185155 152045
185050 151193
186105 151156
185886 154681
184753 153738
184688 150292
187125 150235
185657 153352
186288 150846
186787 150661
186982 153210
187948 151891
188452 152250
187139 153328
187050 150208
187759 150311
186889 155760
187064 151895
191522 151681
188314 149789
186190 149863
186154 150451
187023 149948
185250 150333
185504 151882
186340 150521
186300 150881
189449 151215
184908 150759
184624 151495
184797 155231
184718 151660
189451 151157
186840 150980
185293 151464
184885 155441
186706 153508
186001 150831
185859 150749
187029 151329
187114 152969
189158 153174
188949 151838
188944 151818
188520 150925
188550 150572
188635 151386
185203 152094
184469 151256
184749 151146
188321 152552
189094 152600
185389 150228
185032 150686
183841 151611
183854 152699
183469 152988
183842 154290
184536 153406
186176 149841
187548 150440
184522 149630
183541 149653
183547 151299
183805 151814
183804 152098
183231 150933
184052 153339
183679 151583
183317 152845
183614 151797
183305 150651
183482 152810
183278 152263
184696 152469
184812 154316
187776 152902
184220 149885
183369 149532
184205 149450
186853 149519
186599 151764
183845 149936
183434 150844
183320 152888
183342 153732
186335 155510
185945 150566
184044 150837
183965 150182
186303 150596
184355 152300
185017 150348
184279 152386
184224 150066
183220 149772
183225 150954
185939 149870
186208 149624
183235 151644
183338 151875
185486 151571
183577 151724
183573 151793
185328 151615
183734 151490
184285 150968
185239 150998
185399 151943
183534 150069
183460 150262
183654 150005
185035 150553
183452 150721
185129 154617
186405 154259
183303 154572
183221 152886
183795 152063
183518 152632
183665 151172
183247 151127
183531 152716
185326 150223
185625 151265
183223 150651
183478 153498
184091 153476
186289 149916
186334 149686
183499 149915
183360 151818
186104 153924
186140 150665
183224 150444
183503 150824
183287 150689
183326 153476
183446 150183
183681 150383
183221 151931
183255 151937
187958 150379
183583 150156
183264 153620
183842 153645
183638 152887
188270 154773
186627 154348
186604 154330
189324 155731
186789 155062
186594 153180
187847 155446
186583 155287
189200 154972
189221 155741
189374 156055
190614 156079
186841 153522
186945 154613
189876 153472
188277 155240
188375 154839
187200 153191
187465 154094
186741 153732
186718 154256
186593 156170
187663 154433
186998 153258
188231 153277
186697 153424
187096 153210
186745 153629
187189 153259
186688 153630
186730 154132
186718 154941
187705 156726
186999 153429
186639 155660
186564 154228
186937 154186
186874 156558
186609 153179
186551 153793
186561 153598
186610 153182
187317 153279
187089 154626
186795 153629
186764 153255
188091 153428
186624 153954
186545 153807
186716 153288
186710 153153
187727 153169
187828 153436
186926 153540
186835 153638
187351 153347
187742 155628
188157 153342
191846 153155
188694 153264
187337 155834
187721 155475
187705 155782
186552 154386
186560 153567
187102 153955
187014 153328
189280 153177
187328 154330
186626 153158
186556 155532
186726 153659
189759 154746
187579 154745
187533 153418
186792 155160
186567 153192
186820 153163
186552 155248
186608 153176
186952 153481
189552 153718
189318 153171
188603 155131
188331 153162
188639 153218
188571 153751
187257 153761
188602 153183
186951 153154
188216 155486
188564 155489
186560 154459
186564 153167
185553 153242
186426 152884
186554 152351
187407 153381
188654 157505
186421 157055
185941 156831
185951 157929
186340 158260
186148 158283
185084 154547
186180 153722
186161 153630
185492 157176
185957 156901
185228 154230
184874 153734
184910 153424
186211 152143
186177 152134
189044 152298
185155 154056
184871 152650
185805 152650
188006 154581
188189 153942
186084 154156
185294 155309
185166 154563
185225 153739
187268 154757
187027 153622
185041 157783
185013 156334
187478 156374
185889 158764
186825 154126
186090 154072
185946 155018
185172 153690
185022 153907
187081 156596
187438 155594
184948 153096
184871 153205
186606 156069
184871 154722
184871 153780
186719 154893
185695 152455
186539 152503
186795 154318
186921 153117
185657 153938
185093 157612
184924 154633
186810 153973
184872 152899
186169 154139
187425 154244
184880 154260
184993 152735
185808 153617
185333 152983
185459 152541
185469 153757
184871 152163
186634 152267
187051 157723
185035 154961
185116 154902
185044 154890
187286 154568
187496 156968
185596 155157
185274 152685
187506 153177
187683 153508
185110 155264
184990 155694
184901 153368
185703 152196
185211 152146
185101 152483
185148 152318
184880 152921
188922 153040
184873 152135
185029 152130
186219 152138
185651 152124
188221 154041
189019 154565
186542 153890
186305 153244
187517 156676
186298 156427
188890 156127
188912 156978
189071 157272
190278 157265
186553 153793
186682 153709
189558 153339
187965 156144
188073 155877
186840 153208
187082 153220
186456 153165
186435 153394
186269 155006
187349 153539
186639 153548
187893 153343
186365 153439
186773 153812
186502 153522
186931 153717
186357 154339
186395 153869
186382 154067
187322 155739
186661 153562
186314 156887
186251 155466
186612 155398
186533 157755
186335 153198
186257 153269
186247 154273
186287 153338
186948 153442
186697 155820
186432 154802
186425 153297
187718 153388
186303 155028
186242 154132
186386 153327
186378 154012
187394 153225
187551 153420
186598 153914
186514 153165
187057 153631
187370 156843
187775 153913
191489 153474
188326 153172
186950 154876
187322 154603
187332 154913
186243 153388
186267 153169
186747 153440
186664 153176
188954 153321
186964 153488
186296 153224
186243 156763
186390 154210
189404 154380
187188 154393
187136 153956
186476 156310
186286 154363
186471 153177
186255 154182
186307 153226
186590 154439
189192 154767
188959 153164
188286 153933
188004 153165
188282 153196
188227 153267
186900 153281
188238 153166
186598 153182
187887 154350
188265 154350
186267 153630
186317 153642
186859 153550
189031 154212
190465 158063
186880 157904
185607 157534
185608 158231
185674 158451
186082 158357
185925 154269
186239 153434
185631 153507
185611 156927
185645 156818
185596 154489
186320 153423
185934 153370
187482 153694
187688 154430
190600 153103
187272 153970
186082 154060
186838 154199
189751 155303
189220 154914
185851 154944
185681 155243
185602 154175
185606 153072
189385 153842
188881 153228
187026 158182
186920 156854
189183 156600
187033 158860
187506 154402
186907 153915
186907 155016
186194 153639
186315 153666
188892 157201
189091 156187
185875 152948
186104 152961
188418 156122
186493 154225
186504 153648
188166 155448
186055 153887
186370 154160
187942 155353
188121 153206
186289 153681
186522 158267
186585 154684
187720 154270
186327 153029
188172 153122
189424 153191
185984 153375
185739 152936
186016 154091
185896 152942
186055 153048
185639 153789
186594 153087
188159 153715
188384 158005
185716 154748
186111 154209
187175 154158
189317 154518
189232 157793
185616 155810
185600 153030
188861 152937
188826 153580
185703 155600
186201 155894
186148 153890
185758 153557
186264 153320
186784 153056
185718 153350
185821 153911
190972 153577
186560 153491
185996 154209
185822 154245
185781 152968
189557 153457
190737 154349
192210 158491
188166 158151
188113 157867
188124 158806
188141 159086
189888 159051
188525 155076
188108 154081
188752 154122
188236 157751
188142 157571
188378 154999
189201 154095
188522 153906
189292 152877
189582 153023
192183 153040
189753 154657
188371 153816
188477 153863
191487 155579
190586 154979
188076 155165
188201 155971
188286 154994
188270 153699
191468 154372
190766 153868
189321 158703
189194 157288
190944 157199
188707 159549
188812 154902
188689 154580
188750 155684
188719 154295
189098 154417
190806 157593
190826 156571
188685 153263
189275 153327
190352 156794
188964 155079
189020 154267
189967 155802
188150 153585
188074 153737
189546 155412
189731 153619
188506 154367
189244 158640
189663 155317
191579 154730
189488 153295
190346 153908
191448 154202
189017 154006
188411 153009
188164 154410
188367 152988
188177 152804
188533 154370
189414 152949
189893 153389
189965 158587
188535 155518
189740 155157
189814 155115
191343 155178
191013 158055
188219 156138
188392 152846
190432 152997
190318 154140
188492 156101
189727 156479
189610 154158
188361 152821
188575 152853
189511 152550
188782 152537
188810 153803
192890 153773
189249 153116
188531 153244
188101 153354
188079 152817
188287 153943
187886 155479
186411 155107
189088 154859
189109 155867
189234 156191
190610 156210
186711 152639
186717 152118
189800 151880
188186 155143
188242 154850
187300 152175
187662 152001
186517 151689
186501 151328
186608 152377
187662 151533
187136 152254
188242 151389
186707 151424
187151 152579
186443 152008
186858 152223
186689 153291
186745 152709
186747 152473
187935 153894
187047 152119
186624 155739
186509 154294
186941 154307
186913 156692
186412 152086
186434 152151
186512 153105
186598 151945
187469 152124
187350 154601
186952 153598
186808 151750
188246 151863
186671 154002
186512 152939
186864 152010
186879 152835
187725 151346
187604 151428
186919 152369
186806 151518
187203 152276
187899 155608
188349 152725
191926 152138
188829 151518
187572 153101
188004 152963
187862 153208
186472 151369
186415 151609
187192 151816
187079 151377
189237 151967
187465 151477
186653 151346
186527 155660
186757 153062
189835 153165
187814 153172
187805 152727
186831 155002
186442 153144
186900 151491
186420 152270
186489 151774
187079 153263
189646 153660
189416 151538
188530 151602
188306 151330
188738 151452
188610 151326
187360 151338
188766 151419
187052 151325
188197 151693
188414 151694
186413 151609
186411 152128
187063 152508
190359 151900
190379 151807
190686 152129
191334 152473
188029 152364
188612 156204
190918 153843
189446 154282
189768 152892
187912 152579
187578 155560
187609 155140
187985 155899
186931 157831
186954 155950
186077 151621
188781 151754
185071 152827
185113 152664
188095 155129
188770 151844
185570 152131
185547 155455
186284 156478
185945 158242
185830 151943
186104 151574
186607 152150
186059 151894
186698 152437
187573 151989
187286 154931
186413 151631
186216 151722
186734 153243
186674 151769
186074 151884
185818 154363
187587 154486
186484 153443
187190 153586
187606 154560
187981 154638
188828 154701
189506 154426
188163 154427
188094 154933
188724 151588
187463 151782
187503 152338
191994 153620
188875 153941
186962 157325
186928 156947
187630 157224
186359 155981
186762 155024
187096 155446
187088 154445
190200 154109
185056 155792
185041 152526
186163 151814
185871 151800
189986 155897
187467 155816
185746 152000
185580 152494
187778 153109
186919 154831
187027 156894
188217 153800
187975 152979
189670 153049
189492 153704
189793 156826
189326 152037
189246 152124
189351 155291
185398 155296
185125 152161
185784 152083
189077 157131
190035 157140
186648 155838
187083 155576
189144 155014
189166 155807
189330 156322
190574 156581
186712 155844
186840 158807
189849 156738
188238 157556
188347 156401
186929 155696
187116 158215
186393 157752
186396 158301
185209 160223
184955 158506
185451 155039
188042 154997
185315 155328
184999 155217
185727 157537
186896 155179
185213 155682
185259 158164
185482 159138
185975 160924
184617 155538
184616 155421
185034 155040
184823 155406
186116 156811
185264 155393
185238 157677
184714 155085
184746 155002
186527 156019
186220 155015
185100 154995
185148 156989
187562 157169
185628 156438
185956 156635
186610 157203
186620 157124
187617 157159
187741 156789
186700 156786
186586 157516
187247 155110
187219 155133
187586 155007
191727 156196
188501 156468
186505 160015
186616 159636
187271 159935
184625 158513
184650 157582
186469 158068
186370 156882
189213 156654
185948 158345
185276 155470
184974 155795
185154 155471
189598 158700
187121 158652
186168 154993
185222 155152
186053 155524
185999 157352
185524 159469
186318 156274
186859 155723
189358 155849
189124 156160
188576 159264
188261 155390
188536 155513
188515 157709
186065 157707
185911 155497
185370 155381
188128 159519
188535 159532
184616 158449
184855 155268
183316 156096
183317 156607
185265 156925
183866 155990
183404 158684
184097 156820
183566 157956
183446 156813
183712 155792
184586 158142
183847 157601
184621 157841
184926 159688
187469 158248
185128 154791
183783 154464
183840 154473
186798 154533
185829 157126
183320 155003
183502 155868
183598 158198
183580 159072
186833 160855
186088 155583
184665 155565
184534 155179
186251 155569
184028 157042
184071 155412
184037 157685
184109 154934
184074 154691
184498 156172
186159 154596
186149 154436
184034 156958
184674 157178
185688 156733
184317 156908
184387 157118
185309 156952
183465 156832
183318 156327
184852 156359
185035 157286
183850 155003
184665 154971
185069 155072
186988 155875
184901 156071
185731 159958
186814 159594
184396 159906
183721 158248
183469 157399
183733 157966
183508 156538
183896 156466
184807 158058
185215 155380
185265 156097
183875 155646
185149 158794
185217 158765
186708 154856
186330 154625
183529 155202
183737 157165
185718 159281
185597 156013
183835 155689
185133 156024
185039 156004
183740 158846
183972 155255
184943 155456
184165 157303
184167 157308
188229 155467
184622 155242
183913 158992
183382 159018
183322 158221
188227 155268
187417 155240
186927 155436
187577 155137
188773 158625
186692 156289
186680 156738
187579 155433
187357 155118
187400 157986
187164 157591
189846 158401
189995 160334
192961 158404
188984 154763
187950 154955
189162 155686
191988 155497
191724 157652
188109 154754
187736 154950
187418 157858
187450 158884
191425 160644
191040 154890
188929 154917
188841 154981
191421 154809
189330 155723
190040 154821
189386 157361
189339 154738
188315 154829
188281 155651
191089 154843
191391 154967
187183 156783
187183 156893
190555 155859
188210 155999
188209 157015
190504 157116
188415 157191
188899 156979
190356 156992
190529 157411
188652 154733
188560 155253
187572 155063
187725 156182
187300 156503
190267 159730
191547 159351
186799 159624
186745 158434
188531 157478
188226 157863
188363 156956
187492 156604
188179 158257
190421 155030
190769 154824
187242 154772
187052 158299
188821 158222
191407 154881
191448 155608
187963 155774
187828 157277
191245 159317
191287 156335
186778 155524
186744 155544
187685 156209
187929 159304
188405 154886
188749 154950
186741 157789
186708 157801
193072 154939
188093 154886
187692 159639
187872 159645
187755 158295
189395 155219
190141 155179
188766 155290
188299 159649
188970 157131
188460 157339
188339 155918
188604 155861
189483 158963
188746 158592
189533 159547
189837 161478
192386 159446
190033 155231
188684 155535
188752 156696
191713 156493
190747 158805
188213 154975
188393 155053
188490 158829
188473 159855
191745 161581
191001 154857
189571 154830
189441 155965
191166 154929
188942 154961
188988 155062
188946 158283
189017 155201
188975 155415
189397 156691
191073 155505
191065 155628
188930 157821
189566 157894
190601 156749
189220 156788
189290 157999
190222 158250
188353 158327
188210 158152
189767 158171
189950 158419
188754 155177
189564 155757
189964 155966
191868 157188
189794 157519
190641 160663
191727 160298
189289 160544
188617 159484
188365 158545
188627 158879
188400 158072
188774 157654
189707 159296
190131 156002
190182 155161
188771 155118
190033 159180
190120 159072
191621 155611
191245 156514
188425 156879
188631 158368
190635 160345
190514 157421
188730 156458
190018 156480
189927 157349
188637 160424
188875 155091
189842 155133
189054 158924
189060 158946
193143 155223
189523 155189
188813 160788
188272 160793
188214 159284
188592 155728
188750 155374
189454 159317
187955 156796
188026 156983
188166 155558
188094 155536
188912 158638
188553 158296
190749 159302
190954 161224
193894 159144
190259 155518
189063 155883
190073 156780
193004 156564
192525 158597
188701 155277
188502 155258
188185 158481
188196 159504
192570 161221
192092 155256
190084 155615
189978 156071
192423 155254
190253 155729
190797 155263
190216 157956
190210 155437
189328 155659
189398 156404
192134 155813
192371 155910
188490 157507
188624 157557
191616 156407
189430 156424
189440 157712
191444 158012
189179 158083
189521 157980
191225 158022
191405 158148
189522 155435
189668 156354
189154 155940
189683 157007
188863 157337
191371 160307
192643 159943
188385 160183
188199 159186
189261 158256
189088 158543
189196 157851
188482 157418
189491 159003
191408 155757
191675 155409
188289 155316
188378 158821
190129 158714
192526 155681
192472 156848
188680 156832
188639 158077
192145 160011
192129 157232
188146 156259
188397 156247
188946 157151
188806 160148
189389 155273
189877 155293
188050 158682
188116 158715
194189 155284
189420 155271
188874 160543
188484 160546
188444 158980
190098 155254
189525 157603
188339 154988
188112 155024
188735 153748
188345 153902
188087 156877
187957 156562
190242 157711
190327 159621
193282 157445
189236 153568
188437 154044
189636 155155
192274 154934
192185 157032
189120 153241
188588 153113
188361 156735
188405 157724
191639 159391
191317 152970
189205 153399
189139 154456
191726 152807
189787 152899
190594 153297
189867 156162
189783 153459
188691 153783
188604 154759
191359 154043
191687 154110
187945 155821
187903 155842
190847 154723
188533 154600
188527 155968
190853 156438
189130 156500
189750 156432
190787 156489
190946 156420
189152 153456
188881 154517
188139 154194
188771 155316
187984 155626
190502 158478
191778 158139
187892 158344
187914 157485
189222 156605
188842 156825
189005 156233
188115 155747
188360 157305
190764 154206
191146 153654
188105 153365
187899 156977
189068 156838
191633 153822
191743 155199
188770 155260
188562 156434
191624 158286
191714 155600
188012 154555
187894 154543
188122 155570
188594 158523
188836 152852
189020 152844
188017 157080
187914 157130
193291 153065
188350 153072
188125 158951
189042 158952
188795 157226
188306 153536
189743 153051
188129 155633
188183 155537
187355 153577
187732 152992
186669 152988
186661 154013
186866 155366
188161 153103
187378 153013
188221 153783
186883 153999
187613 154403
186805 154357
186932 154161
186882 153968
186937 153020
186929 153075
188237 154780
187413 153019
186903 156986
186788 155730
187350 155397
187022 157585
186661 153523
186678 153085
186745 153872
186835 153004
187590 152991
187550 156083
187246 155096
187020 153008
188307 152985
187026 154877
186770 153339
186943 153007
186977 154528
187711 153682
187558 154034
186953 154718
186846 153010
187164 153094
187967 157156
188425 153545
191887 153318
188824 153019
187743 153927
188251 153571
187926 153827
186721 153416
186659 153405
187291 153010
187181 153327
189190 152988
187645 153080
186822 153475
186733 156773
186965 153610
189810 153060
187908 153061
188066 153508
187266 156777
186675 154818
187049 153205
186692 153562
186659 153074
187128 154507
189629 154725
189400 153492
188472 154207
188261 153204
188713 153054
188571 153668
187513 153883
189182 153232
187271 153301
188152 154871
188357 154878
186658 153176
186788 153370
185717 155164
185603 154990
185747 152474
186653 151830
186083 151755
187232 151878
187499 152817
190262 151533
187428 152259
186066 152079
186490 152186
189510 153188
188728 152771
185575 152901
185609 153395
185685 152437
185673 151915
189346 153200
188714 151935
187063 156193
186940 154810
188944 154657
186716 156974
186962 152375
186591 152102
186634 153235
186331 151919
186606 151986
188746 155155
188842 154133
186156 151624
186588 151671
188277 154214
186615 152727
186653 152023
187932 153359
185612 151938
185690 152168
187588 153200
187772 151656
186216 152202
186765 156205
187038 152868
188537 152411
186800 151608
188164 152380
189346 152260
186368 152539
185909 151538
185667 152082
185743 151591
185606 151548
185573 152049
186928 151532
187904 151859
188034 156043
185982 153052
186805 152711
187414 152699
189246 152809
189012 155689
185696 153720
185802 151532
188503 151764
188412 151809
185932 153645
186837 153965
186793 151768
185890 151722
186258 151633
187031 151533
186063 151679
186165 151856
190848 151667
186814 151725
186119 152370
185574 152379
185576 151568
188868 152481
187912 152446
187696 152705
187714 154395
187476 154179
190225 155435
190377 157258
193343 154976
189351 152702
188308 153341
189533 153919
192367 153737
192101 154950
188451 152954
188082 152529
187756 154179
187788 155135
191804 156774
191418 152464
189302 154263
189213 153753
191799 152991
189702 154446
190413 152707
189764 153678
189718 152517
188698 152846
188662 152908
191470 153802
191773 153418
187564 153507
187560 153421
190931 152826
188575 152522
188575 153668
190886 154377
188775 154312
189255 154505
190734 154690
190908 154118
189030 152564
188939 154824
187903 152780
188004 153325
187626 153640
190648 155881
191928 155536
187081 155726
187028 155063
188898 154237
188593 154288
188725 154141
187851 153631
188554 154860
190798 152927
191149 153938
187616 152485
187409 154379
189188 154259
191787 152594
191826 154910
188327 153867
188193 154115
191624 155723
191666 153659
187150 152607
187105 152596
188055 153701
188305 156116
188780 152582
189129 152515
187026 154854
186990 154950
193451 152584
188460 152634
188054 156631
188192 156630
188080 154762
189066 154829
187801 154393
188367 156026
187648 155818
187899 157103
188169 158915
190482 156616
188589 154372
187953 155036
187561 155620
189822 155445
188929 156637
187528 154650
187622 154198
187684 155815
187666 156756
189943 158381
189236 154116
188153 155977
188031 155481
189350 154690
187515 156134
187532 154390
187611 155302
187666 154174
187803 154522
188253 154588
189205 155534
189160 155136
187903 155169
188667 155077
188830 154540
187915 154184
187969 155312
188416 156072
187733 155993
187528 156197
187938 156394
188119 155761
187556 154223
188419 156552
188925 154451
191541 154989
188905 155297
188955 157491
189894 157150
188368 157333
187659 156704
187516 155899
187788 155927
187669 155813
188694 155295
188501 156499
188233 154622
188266 155659
187806 154141
189570 155990
188737 155863
189771 154252
189380 156643
187544 155581
187740 155778
188773 157353
188648 155335
187771 154304
189475 154295
189269 155392
187882 157770
187837 154251
188717 154177
188369 156523
188171 156626
191255 154256
188278 154309
187719 158294
187690 158293
187506 156389
187645 154098
186478 155267
186053 154940
188089 155973
188320 157888
191231 155783
187755 152402
186489 152799
187404 153609
190379 153390
189798 155288
185843 152234
185728 152165
185395 155099
185398 156119
190011 157830
189485 152165
187530 152735
187416 152946
189792 152177
187590 152899
188051 152194
187525 154583
187537 152306
186751 152535
186875 153075
189533 152735
189736 152802
186036 154147
186236 154184
189016 153032
186904 153033
186922 154362
188799 154693
186436 154756
186701 154693
188541 154748
188723 154804
186870 152314
187132 153417
186762 152728
187418 153708
186464 154038
188806 156919
190067 156556
185972 156791
185713 155830
186516 154905
186411 155168
186486 154538
185868 154097
187030 155647
188773 152490
189003 152393
185822 152208
186043 155430
187648 155324
189956 152501
189851 153810
185969 153613
185974 154728
189468 156636
189428 153937
185685 152957
186067 152934
186513 153858
186198 156802
186785 152166
187352 152174
185601 155356
185696 155394
191610 152167
186944 152165
186339 157212
185626 157214
185613 155618
188388 153641
186192 152511
186250 152781
185903 154389
187315 152879
185881 152866
187123 152711
185823 152813
186560 153162
186942 152895
186944 153078
185822 153646
185821 153162
185824 153374
186340 155057
186060 152882
185821 156220
185851 154804
186193 154723
185839 157075
186421 152521
186137 152574
185945 153588
185850 152663
185968 152759
185834 155160
185958 154141
185823 152624
186583 152710
185858 154342
185940 153435
186046 152653
186106 153357
186723 152586
187444 152795
186102 153292
186081 152513
186794 152950
186274 156186
186551 153230
190464 152806
187225 152515
185892 154191
186152 153912
186182 154224
185894 152753
186110 152519
185885 152759
185862 152531
188274 152650
186054 152830
185878 152581
186055 156089
185820 153519
188411 153668
185873 153682
185921 153274
186217 155663
186236 153707
185823 152517
186170 153510
186501 152559
186119 153770
188153 154090
187933 152514
187754 153301
187369 152514
187345 152536
187397 152636
186031 152656
187554 152511
185866 152534
187232 153739
187912 153738
186094 152970
185996 153361
186631 153742
186636 154873
189508 152552
185016 152562
184429 153560
185840 153849
188355 154428
188598 154426
185540 153980
184750 153645
184458 152918
184549 152275
187580 153123
187372 151971
185227 156709
185193 155611
187847 155076
186013 157112
187048 153348
186310 152617
186161 153307
185074 152639
184857 152598
187482 155938
187882 155009
184045 152268
183832 152203
186907 154600
184514 152145
184510 152040
187181 154567
185531 153536
186271 153910
187166 154771
187316 151959
185674 151912
185079 157017
183363 153150
183407 153004
183388 152069
186613 152452
187834 152220
183492 152145
183647 152595
185639 153344
185109 152416
185269 152819
184552 152570
184423 152453
186899 153138
187426 156471
184259 152908
183721 152470
184862 152330
187616 152763
187825 156725
185183 154821
184850 152717
187916 152798
188108 152822
184061 154261
183568 154443
184195 153365
185159 153815
185269 152668
185347 152391
184012 153299
183613 153767
189209 152833
184277 152838
184286 154540
185404 154565
185013 151925
188048 151969
187149 152523
188276 151283
187722 151119
188662 150617
187194 150662
187793 151017
186820 150640
187081 150814
187172 151908
187236 151773
187243 152052
188588 153712
187622 151210
187137 154121
187008 152670
187515 152718
187391 155112
186827 150865
186896 151210
186995 151770
187100 150902
188014 151100
187988 152995
187570 152013
187326 150948
188769 151096
187300 152499
187064 151855
187420 150872
187460 151247
188141 150597
187891 150634
187363 150867
187246 150593
187547 151217
188430 153973
188899 151417
192374 150880
189324 150622
188183 152859
188663 152595
188386 152897
186935 151008
186840 150707
187691 151251
187564 150598
189613 150829
188023 151188
187173 150589
187031 154055
187266 151805
190287 152347
188396 152361
188463 151472
187478 153375
186925 151551
187412 150752
186854 152092
186897 150741
187585 151749
190111 152141
189885 150657
188893 151613
188703 150621
189214 150744
189042 150591
187885 150590
189424 150697
187607 150599
188598 151830
188730 151835
186833 151364
187122 153429
188411 153642
185742 155403
185671 154183
185625 154189
187536 156087
187451 155449
186095 155664
185489 156718
185460 155862
185475 154747
187072 155556
186718 154779
185560 159284
185512 157842
187035 157848
185642 160230
186289 155570
185737 155400
185645 156405
185453 155032
185484 155225
186596 158107
186830 157097
185451 154184
185719 154278
186324 157506
185454 155979
185450 155070
186000 156380
185528 153946
186372 154022
186137 155847
186241 154377
185715 155191
185510 159138
185841 156024
188629 155371
185708 154062
185875 155041
187052 155282
185548 155144
185459 153843
185736 155050
185458 153985
185489 153627
186493 155101
185631 153447
186184 153709
186439 159210
185446 156311
186685 156119
185681 156092
186953 155919
187062 158502
185674 156662
185471 153750
186871 154085
186938 154853
185481 156723
186501 157144
186281 154791
186128 153095
185773 153108
185481 153476
185501 153344
185541 154355
188622 154442
185556 153415
185728 153421
186402 153605
185729 153384
187616 154754
187702 155164
190042 153742
187634 153746
187314 155668
187738 155030
188909 155245
187551 156394
187595 155664
187690 154916
188272 155989
187248 154771
187180 158864
187278 157416
187180 157452
188225 159842
187357 155206
187320 155168
187212 156115
187245 154802
188629 155015
188326 157683
187477 156682
187521 154267
189621 154377
187699 157148
187948 155836
188590 154894
188591 155972
189596 153597
189727 153649
188692 155405
188581 154250
189228 155067
189272 158698
189647 155730
193707 155078
190490 154066
188581 155343
188734 155411
189296 155468
187177 153904
187203 154700
188535 154176
188440 153734
191188 154866
188256 153404
187584 153481
187335 158802
187510 156060
191587 156019
189143 156009
188403 155674
187436 158058
188027 156241
188070 153873
187624 154395
188312 154620
188824 156350
191352 156776
191119 154460
190543 153479
190235 153418
190509 153700
190481 153538
188315 154017
188526 154133
187708 153407
190106 153403
190508 153403
187186 153426
187186 153668
187705 151775
184943 152013
184727 152517
185953 152468
186986 152196
184839 151954
184860 151049
184961 150811
185152 152180
184723 150702
184824 155008
185167 153802
184824 153402
185701 155541
185570 151557
185437 150977
184796 151754
184757 150859
185934 150834
185639 154147
184719 153178
184747 150787
186983 150748
185324 152887
185778 151004
186306 150746
186380 152644
187385 151694
187754 152054
186518 152829
186422 150716
187141 150774
186669 155224
186951 151467
191245 151262
188004 150752
185877 151376
185907 151007
186735 151191
184921 151152
185065 151457
186005 150832
185942 151186
188955 150722
185372 150697
184906 151423
184707 154785
184750 151420
189144 150854
186549 150824
185469 151319
184882 154872
186036 152928
185528 151072
185268 151212
186306 150972
186569 152524
188877 152731
188652 151507
188379 152074
188004 151077
188129 150873
188172 151576
185507 151891
185207 151153
184820 151203
187846 152771
188452 152784
184988 150775
185219 150765
184954 149030
186976 148924
187531 151614
185524 148400
184434 148856
184264 152167
184377 153175
186086 154953
185956 148570
183941 148050
183959 148669
186484 148457
185063 149064
186233 148661
185503 151631
185280 147737
184438 147767
184167 149955
186128 147752
186546 147832
183967 151033
183723 151182
185562 150219
183802 150391
183816 151209
186035 151207
185127 151230
186072 150872
186152 150870
186262 151530
185178 147870
184245 147801
183587 148846
185433 150136
183795 150445
185257 154036
186388 153656
183791 153946
184012 152580
185155 151629
184543 152112
184681 150966
184827 150689
183780 152377
185701 149165
186258 148639
184116 148599
183711 152648
183583 152577
186174 148400
186474 148604
184955 149525
184496 151437
186718 153538
187027 150328
184280 149582
183630 149725
183698 150255
185186 153355
184783 148612
184606 148740
184408 151803
183731 151801
187712 148805
183738 148679
184206 153606
185701 153620
184909 152455
188464 153324
188565 152762
187710 152123
185545 152331
185624 153555
185692 152918
185676 152347
188545 153539
187869 152089
186510 155955
186387 154505
188041 154563
185826 156957
185950 152353
185852 152396
185903 153287
185978 152023
186345 152253
187869 154768
187893 153775
186003 151629
186604 151750
187450 154288
186189 153096
186236 152133
187046 153079
185607 150831
185556 150860
186641 152478
186826 151503
185754 152325
186470 155772
186947 152903
189076 152245
186803 151367
187437 152844
188515 152844
186351 152966
185765 151250
185563 151853
185743 151605
185610 151097
186139 152076
186651 150856
186968 150816
187044 155904
185877 153259
187193 153322
186991 153320
188407 152869
188096 155126
185603 153334
185758 151261
187528 151907
187416 151839
185835 153472
187156 153905
186988 151647
185651 150997
185762 150851
186722 151119
186165 150936
186170 151230
189957 151367
186485 150812
185767 150837
185545 150845
185539 150974
186664 152497
188214 153603
188940 151393
185677 152150
185657 154547
186450 155458
186124 157244
185950 151907
186224 151812
186758 151443
186205 151848
186908 153290
187699 151745
187425 154042
186519 151272
186332 151080
186960 152484
186877 151028
186170 150908
185940 153326
187830 153536
186668 152997
187372 153184
187805 153499
188163 153351
189034 153289
189687 152815
188344 152828
188271 153715
188913 151342
187696 151246
187748 151334
192240 152315
189113 152538
187170 156343
187133 155972
187862 156282
186479 154693
186867 153812
187310 154361
187298 152992
190420 152869
185191 154512
185142 151765
186257 152329
185995 151925
190226 155127
187691 155092
185971 151143
185765 150955
187947 151579
187110 153580
187175 155705
188369 152427
188177 152031
189912 152310
189731 152394
190002 155340
189539 151644
189472 151820
189576 153785
185636 153785
185264 151822
185924 151633
189293 155520
190235 155541
186751 154657
186852 154497
187347 154121
186446 154692
186492 154718
186517 155284
187283 157041
186408 154263
186220 156986
186178 155551
186270 155517
186882 157891
186221 153945
186188 154297
186211 154656
186257 153998
187316 154116
187036 155922
186453 154915
186474 154043
188227 154172
186302 155221
186413 154731
187046 153914
187037 154150
188039 153908
188131 154098
187159 154295
187050 154055
187648 154237
187873 156926
188271 154337
192177 153974
188986 153915
187279 156161
187519 155834
187865 156147
186180 154625
186187 154029
187156 154425
187060 153948
189619 153929
187140 154656
186437 153918
186262 156871
186447 154671
190068 155314
187721 155326
187279 154411
186215 156406
186440 154466
186747 153927
186317 155507
186761 153911
187266 154649
189846 154958
189612 153906
188956 155304
188668 153909
188970 153968
188920 154120
187133 154127
187846 153930
186661 153905
188547 155657
188908 155659
186182 154807
187247 154080
185561 153365
185635 153448
185643 153671
187207 155281
186184 152610
185606 155255
185473 153821
186095 153987
185761 156378
185179 152320
185304 152885
185414 153104
185536 152219
186462 152557
186577 154062
186165 153150
185768 152399
187177 152587
185913 153941
185565 153400
185891 152376
185978 152634
186415 151798
186018 151640
185706 151779
185601 151805
185765 152571
186853 154988
187341 152758
190665 152083
187689 151781
186726 154451
187275 154219
186795 154499
185332 152443
185195 152207
186078 152780
185933 151793
187820 152172
186502 152508
185641 151700
185494 155270
185694 153233
188588 154043
186885 154058
187081 152802
186128 154315
185335 152730
185823 152157
185392 153599
185396 152040
185980 152987
188430 153465
188213 151969
187094 152893
186950 151800
187560 152020
187325 151790
186312 151826
188078 152013
186094 151743
186848 152928
186871 152949
185173 152721
186363 152676
182899 154605
182892 155624
187341 157333
186739 150742
184903 150897
184780 151970
187007 150764
184776 150740
185104 150875
184675 154055
184712 151164
184116 151414
184331 152517
186797 151557
186940 151665
183629 153631
183951 153684
186288 152532
184346 152525
184379 153805
186006 154125
183537 154200
183681 154068
185688 154100
185873 154238
184119 151151
184560 151917
184464 151881
185431 153055
184178 153383
186139 156416
187369 156058
183689 156292
183307 155301
183618 154377
183627 154672
183628 153946
183228 153503
184576 155116
185984 151866
186154 151158
183414 151054
183899 154923
185151 154806
187267 151537
187079 152617
183247 152838
183321 154202
186614 156139
186540 153303
183311 152306
183938 152310
184179 153240
183569 156274
184113 150847
184800 150870
183315 154795
183430 154825
188895 150947
184469 150930
183795 156662
182813 156665
182815 155082
186970 154092
184169 154583
184009 156305
183741 153570
183986 156617
184524 155430
183978 155056
184831 157175
185247 153772
185039 153627
184115 153796
183998 153622
184959 153589
184759 155765
183718 154825
183630 153653
185965 153588
184547 154491
185193 153676
185678 153660
185895 154590
186847 154219
187378 154608
186056 154987
185970 153941
186672 153567
185742 156844
185900 153586
190369 153557
187169 153800
185064 155427
185024 155046
185881 155289
184192 154624
184465 153766
185215 153707
185179 154127
188333 153692
183712 154368
183465 153883
183769 156375
183662 153702
188306 154084
185700 154082
184121 153652
183753 156552
185634 154709
184898 153948
184790 155110
185970 153824
186011 154282
188009 154426
187804 154025
187841 155524
187410 153677
187424 153590
187513 154574
184014 154693
183341 153670
183671 153736
187206 156093
188005 156094
184352 154390
184328 153681
185805 154437
185253 152722
183329 156701
183212 155415
185548 155119
183332 157337
183749 153158
183256 152765
183277 153633
182545 152650
182698 152648
185306 155772
185490 154772
181890 152657
182128 152648
184789 154607
182720 153115
182743 152707
184551 154154
182143 153259
182367 153597
184272 154302
184456 152660
182627 152822
182948 156840
182650 153295
183380 153030
182352 152666
184599 153576
185852 153242
181854 153522
181555 152996
182224 153025
182157 152656
182209 152916
181647 152689
182881 152726
184528 153091
184738 156498
181674 153390
181969 152899
183487 152900
185745 153264
185612 156436
181716 154464
181744 152806
185201 153135
185149 152683
181540 154208
181994 154444
182391 153073
181984 153713
182566 152838
183173 152700
181474 153222
181579 153422
187392 152860
182787 152931
182154 154373
181283 154379
181278 152824
187454 152958
186426 153102
186599 158869
186953 157629
186509 157239
187202 159412
187534 155164
187339 154498
186660 155528
186571 154358
187329 154347
187093 157973
186403 156983
186362 153010
188381 152990
186945 156760
187490 154462
187944 154042
188089 156303
189040 154691
189548 155002
188240 156276
188157 153503
188873 153872
188103 159050
188320 155277
192709 154923
189479 152951
187327 152914
187311 153545
188190 152799
186750 152829
186973 154903
187500 153270
187459 153499
190567 154417
186729 153629
186416 154403
186433 158666
186364 155190
190630 154598
188013 154477
186800 154960
186439 158635
187852 156656
187093 153517
186985 153357
188153 154370
188221 156287
190346 156549
190131 154785
190043 154302
189634 153847
189675 153472
189748 153968
186866 154836
186581 154308
186350 154086
189455 154993
190179 155058
186891 153264
186827 154017
185036 156306
185185 155090
185423 154673
185020 156823
186478 152647
186012 151967
185609 152953
185277 151831
184916 151812
185355 155434
185795 154452
185008 150719
184859 150691
184762 154192
185386 151865
185530 151498
186147 153805
186451 152308
187440 152633
186316 153824
186322 150992
186601 151292
184833 156512
184796 152715
189165 152399
186124 150539
185168 150513
185380 151026
185132 150505
185289 150642
185836 152431
185118 150948
185159 151215
187581 151886
184767 151229
185260 152008
185838 156096
185067 152602
187203 152016
185169 151893
185194 152389
185541 156118
186079 154146
185321 151204
186144 151050
186863 151872
185831 153745
186868 153992
186720 152333
187331 152034
186840 151475
186604 151118
186707 151683
184767 152452
186405 151856
184890 151698
186592 152741
187676 152795
185756 150853
186923 150504
184809 151082
184585 149759
185994 149742
185076 150130
185092 153346
184452 150207
184504 150450
186466 151788
186171 150545
184917 150664
184953 152913
187511 152977
185538 151826
185865 151832
186543 153076
186545 153369
187502 153446
187546 153281
186583 153302
186466 153501
187103 150192
187168 150812
187554 151046
191684 152277
188465 152605
186482 155722
186599 155362
187229 155600
184055 154575
184042 153646
186383 153965
186269 153184
189100 152750
185768 154387
185046 151115
184753 150266
184963 150188
189542 154231
187103 154114
186082 150660
185072 151619
185918 151999
185926 153472
185398 155432
186172 152528
186786 151539
189307 151560
189074 152469
188453 155536
188158 150005
188484 150040
188440 154041
185906 154066
185677 150197
185230 150169
188030 155909
188367 155913
184094 154361
184231 155365
184267 154905
182805 155962
183882 154935
183156 157502
182965 154508
182175 154492
181950 155806
183890 154498
184286 154553
181826 156857
181648 157016
183365 156141
181669 156328
181677 157067
183690 157039
182786 157083
183707 156744
183802 156741
183915 157400
182813 154540
182014 154541
181602 154782
183567 156068
181694 156363
182988 159871
184176 159490
181699 159783
181885 158420
182856 157473
182294 157942
182424 156817
182581 156549
181672 158240
183477 155164
183970 155061
181947 154906
181810 158508
181621 158449
184004 154558
184275 154812
182662 155442
182254 157260
184421 159363
184679 156192
182082 155526
181618 155635
181602 156085
182868 159201
182411 154956
182241 155069
182181 157651
181672 157651
185590 155070
181646 154964
182011 159470
183385 159482
182662 158324
187349 155128
187186 155758
186034 153412
186076 154760
186062 153497
186137 153360
187711 153468
187463 153837
186531 153359
186517 153985
188684 154187
186700 153825
186849 154015
187538 154313
187529 154234
188438 154311
188387 154161
187548 154191
187430 154693
187989 153432
188330 154803
188753 153369
192682 153693
189505 153944
187736 157009
187954 156631
188344 156926
185861 155611
185809 154678
187532 155085
187410 154162
190016 153906
187333 155481
186553 153369
186267 154693
186495 153632
190551 155714
188251 155682
187602 153401
186463 154483
186817 153502
187093 154399
186547 156494
187096 153712
187749 153367
190336 153362
190105 153509
189342 156410
189085 153411
189475 153480
189385 154912
187357 154920
187719 153444
186782 153393
188969 156742
189218 156747
185832 155574
186051 153405
185670 153903
185298 156862
184793 153913
184552 154252
184176 155457
184292 154464
184714 154545
184277 156531
184880 156556
184263 155441
184922 155301
185162 156656
185574 157139
186177 157206
187026 157115
185731 157163
185702 157106
186228 153913
184715 154873
184760 154786
189252 155974
186123 156275
184518 159178
184507 158846
184891 159045
184634 158190
185073 157318
184465 157543
184478 156921
187492 156430
184066 158011
184247 154893
184805 154184
184319 153905
187250 157679
184861 157532
184122 154357
184316 155670
185519 155885
184636 157147
185092 159004
186060 156271
185451 155222
186931 155221
186757 156253
187135 159239
186664 153484
186508 153479
186613 157783
184071 157831
184962 153759
184187 153762
186435 159661
187417 159663
184997 157924
186655 155744
185171 156596
185238 153712
185355 153944
185814 155033
187029 154071
186984 154184
185424 156153
186160 156213
186605 155062
185524 155077
185592 156335
186205 156625
185113 156701
184893 156559
185712 156588
185897 156764
185092 153696
185977 154422
186471 154398
188839 155572
186393 155901
186714 158963
187708 158600
185870 158840
185146 157823
184944 156892
185239 157200
185086 156450
185880 156019
186091 157638
186054 154367
186084 153661
185304 153587
186907 157474
186397 157362
187591 154069
187184 155100
184996 155327
185212 156715
186559 158667
186433 155809
185274 154828
186844 154835
186667 155738
185182 158782
185236 153484
186264 153514
185773 157298
185658 157325
189079 153562
185877 153540
185207 159163
184996 159167
184901 157614
187641 153620
185758 153615
185813 152639
187257 152728
186978 155244
186117 154223
186138 152583
188233 152661
186259 154400
186446 153413
187123 152648
187116 153442
188086 152583
188127 152800
187185 153364
187069 152479
187673 152932
187880 156274
188281 153253
192264 152826
189066 152487
187241 154044
187434 153776
187896 154087
185654 152666
185641 152511
187117 152685
187009 152500
189672 152643
186907 152732
186176 152571
185913 156164
186120 153527
190140 153591
187769 153603
187105 153287
186028 155753
186469 153794
186669 152483
186166 153365
186760 152536
187348 153833
189916 154152
189682 152486
189010 153170
188727 152488
189058 152497
189000 152608
186942 152634
187274 152479
186360 152515
188605 153639
188934 153639
185644 152866
185642 153313
183298 151281
183494 151246
185232 153578
185369 152781
183335 151345
183731 151230
184856 152218
183509 150805
183518 151161
184476 152811
183172 152329
183469 152707
184267 153192
184436 151498
183183 150860
183529 154650
184034 151070
186123 151194
183851 151380
184639 152643
185807 152333
183553 152430
183218 152293
183210 151962
183165 151591
183170 151991
183553 151432
183796 152003
184497 151662
184663 153950
183251 150824
184270 151216
184108 151083
185704 150789
185580 154507
183168 152830
183178 151839
185160 152687
185101 151683
183217 151989
184226 152081
184005 152010
183180 153424
183178 151253
183714 151079
183351 152546
183453 152782
187334 151293
183707 151364
183176 154074
183329 154080
183238 151777
187140 151485
186200 150749
185888 148599
184579 148663
184630 151807
187262 151965
185411 151047
185854 151229
186475 151987
186519 151960
187536 151974
187765 151601
186623 151600
186513 152296
187214 148766
186939 148658
187259 149617
191529 150900
188289 151200
186186 154821
186235 154440
187021 154735
184429 153337
184509 152391
186230 152885
186145 151708
189125 151451
185414 153136
184831 149968
184532 149567
184663 149497
189406 153453
186850 153387
185670 149173
184869 149318
186042 150263
185770 152193
185356 154302
186302 151078
186751 150374
189149 150530
188919 151004
188518 154094
188169 149500
188375 149635
188392 152540
185605 152538
185083 149685
184847 149551
188020 154336
188529 154351
184382 153225
184351 153489
185020 155238
185293 154237
182226 151619
182319 151611
184561 154073
182606 152276
182602 151834
184413 153578
182779 152423
183327 152744
184321 153642
184482 151624
182615 151895
182535 156308
182647 152676
183948 152366
182445 151611
184207 152065
185484 151816
182291 152094
182213 151795
182837 152330
182557 151640
182708 151869
182223 151872
182539 151618
184405 152237
184708 155968
182217 152713
182427 152141
183131 152113
185367 152553
185413 155889
182516 153911
182376 151791
185187 151648
185224 151649
182217 153636
182463 153887
182252 152261
182316 152523
182501 151914
182743 151716
182214 152188
182241 152513
187036 152004
182597 152041
182273 153219
182851 153235
182654 151631
187990 152045
187539 150660
187234 151667
188124 151776
187310 150921
187920 151087
188191 151971
188505 152053
189204 152128
189983 152013
188653 152051
188612 152381
189217 150534
187906 151655
188008 150590
192472 151295
189297 151604
187465 154624
187424 154244
188020 154519
187583 153352
187959 152395
187459 152748
187458 151955
190597 151611
187137 153189
187179 150535
187633 151208
187263 150612
190446 153219
187951 153158
187100 150543
187215 151626
188448 151079
187546 152176
187864 154200
188898 151408
188460 150720
190137 150689
189949 151240
190189 154221
189734 150566
189623 150612
189723 152743
187157 152760
187845 150586
187166 150555
189524 154584
190434 154588
187890 153235
187593 153812
186250 155722
187130 155907
186337 155137
186208 155334
186242 155888
186234 155787
186871 155718
187383 155270
186247 155291
186225 156121
186827 152900
186804 152704
187165 153558
190818 154681
187631 154948
186511 158754
186969 158376
186748 158683
186204 157142
186320 156227
186354 156773
186307 155458
188443 155290
186613 156921
186216 153868
186303 153806
186228 153662
188760 157462
186566 157410
186785 153123
186702 153044
186357 154021
186225 156023
186475 158150
186456 154873
186226 154295
188536 154537
188305 154823
187838 157801
187512 153439
187621 153622
187616 156254
186550 156254
188284 153682
186366 153483
187395 157979
187916 158003
186320 157049
187176 154849
186475 152970
184847 152972
185409 153120
185950 153208
186073 153178
187074 153212
187480 153387
186214 153481
186117 153604
186839 152778
186196 154786
186433 152742
190829 152852
187596 153092
185442 155743
185431 155365
186306 155655
184274 154450
184457 153512
185573 153837
185517 153270
188621 152986
184451 154323
184044 152736
183757 154525
183768 152955
188734 154454
186120 154431
184732 152787
184184 154454
185736 152916
185163 153236
184912 155258
186022 152940
186254 152789
188455 152882
188235 152876
188073 155274
187676 152722
187769 152753
187833 153884
184696 153906
183862 152730
183906 152720
187499 155665
188172 155667
184341 154405
184220 152729
185363 154744
183052 152576
183049 152047
185314 154139
183355 152376
183880 152655
185192 154029
185361 151478
183496 151963
183362 156949
182543 153256
182919 152838
182307 150988
185052 151003
186332 151542
182010 150925
181974 150716
183449 152719
183128 150948
183281 151092
182417 152345
182968 151392
185239 152128
185590 156642
182191 153244
182033 152660
183643 152563
186194 152990
186253 156487
182915 154504
182762 151151
186068 151014
186120 152229
182002 154220
181974 154511
182520 152559
182801 151850
183244 151578
183539 151195
182016 151544
181975 152506
187859 152120
182919 151825
182566 152501
183011 152576
182858 151099
188454 152283
187617 151877
187761 152158
188473 152365
188731 152335
189734 152600
188651 152749
188662 152561
188877 151694
187112 153955
187023 151680
191276 151849
188300 152130
187454 154535
187723 154154
187377 154424
187521 153400
188118 152443
187402 152667
187450 152382
189784 152022
186933 153237
187515 151764
188146 153532
187298 151799
189336 153168
187388 153135
187460 151703
187809 153701
188363 152152
187594 152284
188484 154129
189213 152022
188087 151779
188994 151850
188860 152009
189573 154279
189075 151688
188825 151682
188921 152979
186932 153023
188630 151682
187095 151702
188805 154725
189939 154725
188028 153282
187529 154122
185810 153751
185803 154117
186765 154148
186764 154202
185907 154299
185796 154197
186320 152382
186751 154013
187175 152562
190946 153236
187790 153567
186262 156214
186579 155846
186729 156082
185145 155168
185120 154244
186033 154457
185928 153996
188324 153553
186146 154984
185389 152496
185229 153173
185440 152336
188842 154733
186621 154642
186358 152434
185164 154114
185129 153361
185671 154078
185205 155926
185473 153467
186032 152531
188634 152502
188402 153398
187640 156138
187381 152347
187740 152335
187656 154754
186097 154804
187096 152343
185691 152359
187266 156579
187559 156580
185120 154959
185656 153360
186276 154440
185031 153507
185861 153889
186327 154688
186460 151971
185032 151803
184372 156771
183589 152902
184816 152815
183644 152048
185665 152555
186886 152361
183706 152282
183864 152672
185116 153265
184586 152407
184739 152837
184308 152492
183806 152493
186068 153045
186555 156174
184048 152591
183598 152272
184002 152096
186704 152442
186936 156520
184808 154655
184451 152722
187026 152916
187237 152786
184076 154021
183616 154182
183744 153304
184830 153919
184582 152563
184529 152294
184116 153340
183723 153779
188308 152710
183654 152728
183812 154643
185346 154664
184808 151888
188253 151800
188545 151529
188640 151505
187782 151556
187700 151775
188172 151857
188622 154114
189043 151897
192657 151484
189523 151462
188288 154182
188724 153856
188582 154169
187535 152501
187540 151862
188005 152365
187919 151462
190083 151479
188282 152526
187577 151458
187529 154197
187696 152298
190577 153312
188474 153320
188541 151971
187901 153543
187540 151772
187760 151645
187568 153491
187531 151473
187801 152018
190375 152378
190142 151473
189400 153164
189137 151503
189452 151613
189376 151664
188195 151662
189711 151566
187929 151478
189023 153425
189361 153432
187542 152693
187654 154560
187230 153378
186473 153496
186531 153530
186606 153133
186338 155426
186655 153119
189927 153001
186765 153148
186348 155669
187233 155303
186325 155605
186193 154292
186424 153426
186170 153777
186171 153246
187735 153047
186380 154210
186522 153003
186744 155269
186169 153403
187922 154518
186319 154514
187125 153191
187266 154996
186414 153061
186178 153053
187098 155117
187186 153045
186228 153266
187700 153465
187478 153039
187262 155062
186897 152992
186759 153033
186790 153710
186310 153726
188790 153004
186257 152989
186805 155442
187465 155443
186421 154325
187513 153185
188412 153397
188596 152455
187091 153283
187731 156688
187976 153874
189466 153191
187740 152268
189084 153807
190248 153840
187263 153923
186732 152195
186536 152858
186679 152541
186429 151980
186430 153046
187866 151599
188754 151534
188858 156866
186846 154249
187741 154352
188355 154349
190148 153835
189864 156025
186528 154273
186674 152174
189316 152838
189213 152801
186785 154433
187763 154883
187768 152632
186776 151809
187160 151640
187996 151993
186946 151788
187034 152205
191729 152365
187726 151565
187012 151615
186280 151655
186270 151775
188881 153503
188219 153742
188058 153130
189222 154649
189721 153062
192696 152823
189861 152928
189420 156271
190181 155920
189165 156232
188196 154609
188061 153825
188539 154348
188407 152936
189855 152878
189142 154544
188381 152859
188342 154891
188416 153524
190669 155225
189376 155219
190031 153127
189446 154058
188105 152832
188408 153522
188756 155605
188634 152780
188438 152901
190539 153297
190326 152844
189089 155279
188984 152931
189688 153065
189410 153706
188880 153704
191365 153021
188840 152896
188875 155509
188886 155520
188042 154704
188038 154497
187947 153501
187603 155963
187909 153674
191611 153038
188390 152771
187351 155378
187809 155130
187530 155419
187263 153405
187460 153116
187270 153704
187248 152772
189377 153089
187483 153512
187321 152719
187493 156192
187226 154129
189566 154907
187339 154921
187635 153724
187817 155309
187519 153661
187225 153093
187692 154554
187846 152981
187356 153906
189324 154361
189100 152913
188845 153922
188477 152804
188456 152994
188492 152756
187438 152774
189272 152968
187301 152756
188355 154011
188996 154026
187453 153714
187869 153226
187753 155417
188245 151549
191375 151383
188464 150095
187811 150338
188490 150374
187699 150154
186619 150623
186496 151676
187059 150580
186929 150971
188560 150936
187592 150696
186745 151398
186680 154869
186864 151297
189328 150839
187839 150673
188328 151126
187653 155120
186544 153208
186890 150887
186940 150893
186836 151129
186931 152645
189183 152834
188966 151669
187808 151948
187674 150885
188305 150576
188064 151465
187368 152021
189583 151107
187260 151075
187567 152681
187618 152714
186481 150142
187338 150287
186191 150703
187811 152008
185982 152322
187381 155845
188645 155465
185816 155751
185691 154426
186070 153472
185835 153935
185959 152836
185786 152538
186036 154229
187536 151000
187807 150409
185686 150376
186136 154443
186500 154368
188536 150286
188555 150579
185855 151422
185742 153279
188287 155370
188304 152193
185685 151422
186136 151540
185904 152111
185763 155227
185784 150470
186040 150583
185688 153678
185760 153678
190204 150638
186054 150530
185706 155496
186188 155509
185994 154297
188284 155743
190517 155002
187433 155263
186352 158894
186494 158517
186361 158820
186506 157350
187014 156429
186297 156936
186331 155691
188864 155491
186023 157178
186433 154320
186978 154665
186279 154335
188539 157603
186415 157558
186351 153715
186690 153737
187272 154279
186510 156200
187259 158323
187991 155088
187053 154573
188211 154745
188052 155000
188581 158073
188097 154213
187877 154352
187982 156513
186023 156511
187563 154342
186121 154206
187863 158306
188908 158321
186941 157293
186649 153908
186583 152472
189816 153660
191060 153300
186762 153454
186879 153236
188748 152884
188263 152536
188424 152979
187625 152430
187629 152887
190107 152821
190585 155431
187424 152186
186945 152262
188129 152264
190870 152208
191050 155777
188283 153970
187991 152819
191069 153571
191226 152684
187221 153340
186821 153472
187385 153035
188216 154267
188358 152486
188467 152324
187191 153465
186899 153685
192492 152514
187465 152586
187393 154914
188511 154920
188171 152779
190789 152153
192497 153388
193751 153070
189269 153378
189364 151525
191313 150887
190852 151473
191011 149924
190171 150044
190300 151435
192769 149735
193228 152010
189975 150716
189525 152530
190838 152532
193568 150161
193727 150710
190824 149831
190557 150647
193712 152610
193849 149773
189722 150051
189370 150632
190007 149917
190749 152044
190956 149824
191104 150040
189679 150527
189433 150544
195200 150023
190152 149771
190020 152144
190985 152170
190691 151640
189250 152793
189451 153016
188175 152299
188275 152587
188715 154472
188258 152932
188308 153258
189564 153865
188214 153247
188909 154006
189260 157960
188221 154398
189455 153860
188198 153689
189365 154188
189624 158113
188681 156161
188312 153237
189636 153111
189854 153928
188383 155659
189193 155882
189006 154404
189318 154155
188866 153406
188576 153031
188671 153758
188189 154579
191012 153826
188178 153648
188755 154880
189663 154941
188675 152744
188190 153304
188609 153145
187960 152871
188216 153947
188021 152871
187997 153039
191019 153552
187927 152977
187735 153652
187932 157761
187746 154456
191055 153887
188446 153831
187798 154249
187788 157622
188635 155639
187784 153005
187917 152864
188935 153368
188746 155381
190772 155656
190560 153791
190522 153625
190108 153258
190087 152995
190163 153375
187957 153893
188644 153475
187731 153424
189937 154308
190693 154339
188169 152854
187824 153564
185522 153248
185897 154036
185287 153106
185298 153471
187870 153286
185316 153091
185484 153857
185853 157353
185347 153844
187751 153316
185423 153215
185416 153700
185775 157508
186100 155572
185442 153379
186035 153376
186644 153475
185933 155094
187451 155297
187259 154038
187483 154377
187034 153418
186874 153148
186971 153917
185314 154379
186842 153580
185275 153582
186854 155098
187745 155123
185853 152779
186180 152774
184368 153461
184009 151741
184150 151958
183256 152994
183802 152138
186145 152913
186534 157256
183043 153778
182734 153185
184414 153060
187076 153539
187155 157211
183812 155231
183637 151990
187012 151832
187082 152943
182619 154867
182460 155134
183351 153339
183763 152758
184169 152335
184458 151949
182510 152426
182412 153360
188734 152851
183693 152585
183362 153442
183738 153516
183581 151764
187068 152675
186370 152326
186261 151780
189109 152216
185748 152075
185043 151740
184745 155718
184947 153276
189528 153569
187072 153581
186043 152934
185057 155025
185932 153193
185910 151924
185395 152943
186187 152063
186781 153355
189291 153758
189057 151887
188466 152325
188162 151761
188471 151897
188437 151741
185890 151748
185639 151858
185200 151741
188032 152464
188395 152468
184104 152239
184138 153855
182072 152676
181914 152301
183105 152966
184281 152485
184445 155081
182196 152470
182870 152829
183617 152834
185554 152389
185379 155152
181953 153258
182012 152496
184919 153705
184847 152401
182156 152957
182920 153124
182864 152575
182135 154036
182536 152314
183214 152245
182236 153085
182351 153183
187181 152303
183023 152364
182367 154587
181949 154587
181946 153022
187907 152640
188782 152215
185680 151037
185726 151660
186113 156513
185730 153255
188665 152743
186174 152675
185636 152963
185838 156178
186717 154211
185886 150589
186261 150553
187161 152028
186675 154047
188362 154380
188169 152208
188368 151193
187919 151119
187804 150730
187901 150891
185693 152005
186662 151803
185650 151375
187724 151757
188608 151846
186288 150829
186254 152414
186556 152522
187472 150935
187588 153152
185583 151717
186454 153328
187039 153328
188841 151292
188582 152226
185280 150974
185405 151566
188052 153598
187955 150857
185528 151087
186480 151550
186451 150955
185492 153207
185859 151013
186668 151165
185679 151625
185773 151624
190432 151123
186429 150974
185723 153406
185106 153420
185105 152696
188936 153659
188317 152838
188710 156141
186016 152732
185848 152203
186610 152167
189127 152640
189267 156270
186615 154337
186374 152499
189185 152668
189298 152416
185989 153897
185854 154095
185894 152946
186469 153548
186452 152478
186549 152266
185994 153026
185855 153352
190780 152559
185984 152607
185858 154247
187007 154261
186679 152141
187209 152083
186215 154828
185912 152159
190034 152207
187524 152200
185805 151741
185636 153991
187851 152233
186997 149953
187108 150547
188299 150692
188046 152382
189717 152831
189542 150545
189867 149462
189397 149341
189313 149744
189418 149544
185411 150103
185124 150257
185822 149254
189141 149278
190115 149362
186687 149429
186225 152348
184666 151831
186897 155033
185450 154944
186074 152019
185609 153126
184437 152960
184652 154182
185011 156152
184882 153355
184641 152457
186748 152439
186522 153242
185456 156244
185290 151858
185830 151888
185636 154772
185087 154798
187474 151872
185015 151852
185179 156626
185339 156629
184432 155143
187036 155044
188557 156959
185942 156868
184555 153248
184029 153931
185589 154392
184994 155999
184760 158029
185878 155012
186090 154129
188277 154171
188058 154919
187911 158026
187511 153072
187596 153138
187662 156506
184526 156517
183685 153178
183725 153122
187333 158358
188016 158365
184236 156975
184282 153770
184876 153290
187322 153339
187322 157277
183732 155484
183639 154142
187057 154730
187071 154039
183067 154786
183209 154914
183674 154448
183709 155549
184263 153786
184657 153587
183047 154800
183076 155083
188989 153845
184170 153910
183711 156226
183760 156236
183672 153849
189425 153283
190549 153129
190834 156459
189170 154508
188734 152893
191043 153244
191328 152761
188478 154167
187860 154378
187945 153197
189348 153928
188973 152878
188822 152719
188580 153375
187975 153603
192104 152911
187965 152979
188358 154596
189865 154603
189136 152824
188558 153236
187819 154934
187921 153189
187453 151812
187810 152375
188214 151734
187812 152400
189796 152513
189579 152152
189452 153254
189057 151361
189016 151140
189076 152498
187632 152819
189103 151442
187474 151500
188914 153945
189622 153957
187753 151411
187445 151230
188152 151677
187232 153637
187514 155760
188658 152511
188215 151949
189760 152137
189592 152437
189989 155496
189513 151408
189386 151555
189491 153938
185918 153935
186126 151564
186359 151415
189257 155719
190263 155735
187290 154708
187039 155627
185223 156588
184765 158709
185054 155433
185602 155160
188204 155466
187971 155422
187226 158356
186962 155076
187312 155241
187233 156792
185646 156792
186609 155219
185232 155048
186846 158549
187151 158567
184679 157701
185687 154762
186646 155022
186605 152929
183315 153193
183802 153415
183887 152922
183484 154924
184033 152903
184588 152955
183315 153547
183420 153558
188786 152921
184306 152896
183715 155286
183337 155288
183312 154229
187850 152918
187968 153542
187933 155554
190084 155895
189867 153683
189739 152634
189339 152592
189367 152209
189432 152332
187120 153451
187562 153287
186784 152843
189174 153171
189878 153259
187145 152350
187055 153744
187205 153996
189691 154251
189467 152591
188439 152840
188261 152262
188795 152069
188608 152518
187550 152834
189230 152347
187308 152386
188155 153534
188267 153549
186529 151997
187893 152180
188042 151476
187809 151133
187247 153798
186940 151168
187127 151325
187101 152224
185911 152223
187459 151288
185675 151129
186821 153994
187281 154010
185514 153221
185994 154158
185462 154251
185662 156601
186156 153278
186512 153211
184534 155356
184515 155451
190842 153276
185886 153327
185469 157117
185606 157117
185498 155272
189418 153776
189865 155263
189402 152283
189187 152390
189118 153716
188412 153715
192103 152350
188419 152257
188962 155538
190373 155547
189507 154523
188828 153704
188334 152807
188666 152780
187746 152833
187787 152893
192976 152796
188377 152868
187970 153412
188325 153415
188192 152863
189227 153517
189217 150204
188817 150059
188759 150998
192182 151098
188949 150029
188235 150028
188185 150219
188188 150051
188343 151390
187776 151944
187671 151989
191940 147915
187743 147916
187698 153816
188697 153818
188284 152126
189277 152293
187627 151940
190727 151897
187649 151241
187763 151384
188392 151499
187762 150913
187524 153152
190412 152309
185461 152173
185000 153910
184915 153920
184835 153348
187288 153961
187153 151057
190253 151233
191270 151237
188096 151025
187757 151661
188357 154012
189048 154014
185357 152342
184741 152377
184737 152020
184324 151997
188870 154622
187337 154302
187750 154325
187057 153329
